{
 "cells": [
  {
   "cell_type": "markdown",
   "metadata": {
    "colab_type": "text",
    "id": "BHdMfFcnf_Ki"
   },
   "source": [
    "## Logistic Regression Modeling for Early Stage Diabetes Risk Prediction"
   ]
  },
  {
   "cell_type": "markdown",
   "metadata": {},
   "source": [
    "## Part 2.1: Getting familiar with linear algebraic functions"
   ]
  },
  {
   "cell_type": "markdown",
   "metadata": {},
   "source": [
    "#### Tasks\n",
    "- Create matrix of size 10*10 with random integer numbers\n",
    "- Compute the following linear algebric operations on the matrix using built in functions supported in Numpy, Scipy etc.\n",
    "  - Find inverse of the matrix and print it\n",
    "  - Calculate dot product of the matrix with same matrix in transpose A.AT\n",
    "  - Decompose the original matrix using eigen decomposition print the eigen values and eigen vectors\n",
    "  - Calculate jacobian matrix \n",
    "  - Calculate hessian matrix"
   ]
  },
  {
   "cell_type": "code",
   "execution_count": 222,
   "metadata": {},
   "outputs": [],
   "source": [
    "import numpy as np\n",
    "import pandas as pd\n",
    "from sklearn.model_selection import train_test_split\n",
    "from sklearn.linear_model import LogisticRegression\n",
    "from sklearn.metrics import accuracy_score\n",
    "from sklearn import preprocessing"
   ]
  },
  {
   "cell_type": "code",
   "execution_count": 223,
   "metadata": {},
   "outputs": [
    {
     "data": {
      "text/plain": [
       "array([[11, 58, 96, 88, 38, 52, 91, 63, 77, 74],\n",
       "       [33, 78, 20,  9,  1, 34, 10, 35,  8, 55],\n",
       "       [21, 67, 66, 38, 14, 99, 81, 27, 40, 13],\n",
       "       [35,  0, 77, 18, 32, 33, 61, 53,  0,  3],\n",
       "       [43, 63,  0, 58, 12, 36,  4,  3,  1, 86],\n",
       "       [ 7, 92, 88, 53, 83, 63, 17, 64, 24, 74],\n",
       "       [66, 36, 78, 36, 42,  8, 53, 60, 75, 87],\n",
       "       [55, 39, 38, 40, 68,  0, 41, 36, 68, 66],\n",
       "       [ 7, 76, 48, 57, 70, 22, 76, 59, 29, 80],\n",
       "       [93, 90, 33, 78, 54, 27, 16, 33, 26, 49]])"
      ]
     },
     "execution_count": 223,
     "metadata": {},
     "output_type": "execute_result"
    }
   ],
   "source": [
    "# Matrix 10*10 - Random Values\n",
    "n=np.random.randint(0,100,size=(10,10))\n",
    "n"
   ]
  },
  {
   "cell_type": "code",
   "execution_count": 224,
   "metadata": {},
   "outputs": [
    {
     "data": {
      "text/plain": [
       "array([[-0.00487396,  0.00123203,  0.00133384,  0.00565726,  0.00265062,\n",
       "        -0.00392122,  0.00243108,  0.00334993, -0.0039208 ,  0.00412002],\n",
       "       [-0.02047779, -0.01875482,  0.01511716, -0.02585596, -0.01245728,\n",
       "         0.00269295,  0.03808512, -0.04377198,  0.02496109,  0.01793106],\n",
       "       [-0.03480207, -0.05247236,  0.02320812, -0.03145976, -0.0077608 ,\n",
       "         0.01166352,  0.07812784, -0.07954298,  0.0308292 ,  0.02132068],\n",
       "       [ 0.02007988,  0.00423644, -0.01135753,  0.00719015,  0.00391266,\n",
       "        -0.00279862, -0.02076598,  0.0097787 , -0.00949322,  0.0040505 ],\n",
       "       [-0.00710811, -0.00598214,  0.00155959,  0.00339722,  0.00131398,\n",
       "         0.00587357, -0.00815005,  0.01518778,  0.00165637, -0.00303967],\n",
       "       [ 0.02199352,  0.03220604, -0.00893763,  0.02608028,  0.01246395,\n",
       "         0.00032566, -0.05284832,  0.05605356, -0.03169851, -0.02087252],\n",
       "       [-0.01306742, -0.01449357,  0.0116877 , -0.00585568, -0.00072221,\n",
       "        -0.00737134,  0.01892821, -0.01879081,  0.02089485,  0.00324903],\n",
       "       [ 0.05292304,  0.07447571, -0.03958807,  0.04693022, -0.00017693,\n",
       "        -0.00876002, -0.09262573,  0.08782973, -0.04450891, -0.02352588],\n",
       "       [ 0.01586505,  0.01624493, -0.00400215,  0.00034528, -0.00489636,\n",
       "        -0.00157546, -0.01989511,  0.02963832, -0.01726199, -0.00659422],\n",
       "       [-0.0057417 , -0.00449379,  0.00032623, -0.00149692,  0.01148539,\n",
       "         0.00158617,  0.01073171, -0.00432235,  0.00389688, -0.00801959]])"
      ]
     },
     "execution_count": 224,
     "metadata": {},
     "output_type": "execute_result"
    }
   ],
   "source": [
    "# Inverse\n",
    "n_inv=np.linalg.inv(n)\n",
    "n_inv"
   ]
  },
  {
   "cell_type": "code",
   "execution_count": 225,
   "metadata": {},
   "outputs": [
    {
     "data": {
      "text/plain": [
       "array([[48248, 17206, 32591, 21405, 18553, 37858, 36298, 28738, 36699,\n",
       "        28894],\n",
       "       [17206, 13225, 13751,  6641, 12974, 18541, 15199, 11889, 15907,\n",
       "        16641],\n",
       "       [32591, 13751, 29786, 16627, 12623, 26559, 21738, 16619, 23680,\n",
       "        20418],\n",
       "       [21405,  6641, 16627, 16130,  4782, 17361, 17246, 12354, 15936,\n",
       "        12691],\n",
       "       [18553, 12974, 12623,  4782, 18044, 19083, 15935, 13974, 17417,\n",
       "        20216],\n",
       "       [37858, 18541, 26559, 17361, 19083, 40361, 29515, 24598, 33166,\n",
       "        28786],\n",
       "       [36298, 15199, 21738, 17246, 15935, 29515, 34463, 27469, 28813,\n",
       "        26285],\n",
       "       [28738, 11889, 16619, 12354, 13974, 24598, 27469, 24171, 24705,\n",
       "        23517],\n",
       "       [36699, 15907, 23680, 15936, 17417, 33166, 28813, 24705, 33260,\n",
       "        25732],\n",
       "       [28894, 16641, 20418, 12691, 20216, 28786, 26285, 23517, 25732,\n",
       "        31989]])"
      ]
     },
     "execution_count": 225,
     "metadata": {},
     "output_type": "execute_result"
    }
   ],
   "source": [
    "# Dot Product with Transpose\n",
    "nT=np.transpose(n)\n",
    "np.dot(n,nT)"
   ]
  },
  {
   "cell_type": "code",
   "execution_count": 226,
   "metadata": {},
   "outputs": [
    {
     "name": "stdout",
     "output_type": "stream",
     "text": [
      "[450.48492185 +0.j         -58.96298794+17.21561146j\n",
      " -58.96298794-17.21561146j -47.97520596+36.61745377j\n",
      " -47.97520596-36.61745377j  22.45248566+58.60658332j\n",
      "  22.45248566-58.60658332j  10.25050139 +0.j\n",
      "  41.55728734 +0.j          81.6787059  +0.j        ]\n",
      "[[-0.43580246+0.j         -0.04700644+0.20253288j -0.04700644-0.20253288j\n",
      "  -0.07044683+0.24212244j -0.07044683-0.24212244j -0.18579232+0.03916466j\n",
      "  -0.18579232-0.03916466j  0.00390574+0.j         -0.02420851+0.j\n",
      "   0.18000843+0.j        ]\n",
      " [-0.18812319+0.j          0.04982671+0.17262749j  0.04982671-0.17262749j\n",
      "  -0.05475302-0.22553092j -0.05475302+0.22553092j -0.05678699-0.06478723j\n",
      "  -0.05678699+0.06478723j  0.35673593+0.j          0.59116769+0.j\n",
      "  -0.09119871+0.j        ]\n",
      " [-0.32394405+0.j          0.55132224+0.j          0.55132224-0.j\n",
      "  -0.22671916+0.18241877j -0.22671916-0.18241877j -0.48102787+0.j\n",
      "  -0.48102787-0.j          0.52346783+0.j          0.043038  +0.j\n",
      "  -0.34990444+0.j        ]\n",
      " [-0.22776071+0.j         -0.03950921-0.01668037j -0.03950921+0.01668037j\n",
      "  -0.16307423-0.30767393j -0.16307423+0.30767393j -0.27853937+0.19856994j\n",
      "  -0.27853937-0.19856994j -0.13186056+0.j         -0.35874246+0.j\n",
      "   0.04039417+0.j        ]\n",
      " [-0.19889437+0.j          0.12320369+0.26177376j  0.12320369-0.26177376j\n",
      "  -0.04691537-0.07422081j -0.04691537+0.07422081j  0.39380778+0.19016873j\n",
      "   0.39380778-0.19016873j -0.15387183+0.j         -0.37488576+0.j\n",
      "  -0.18867291+0.j        ]\n",
      " [-0.3498026 +0.j         -0.40838545-0.04462017j -0.40838545+0.04462017j\n",
      "   0.06914904+0.05392961j  0.06914904-0.05392961j  0.15547406-0.15564897j\n",
      "   0.15547406+0.15564897j -0.37801298+0.j         -0.50634821+0.j\n",
      "  -0.60710095+0.j        ]\n",
      " [-0.3818789 +0.j         -0.34919792+0.00439483j -0.34919792-0.00439483j\n",
      "   0.41400582-0.21786498j  0.41400582+0.21786498j -0.00747291-0.06464472j\n",
      "  -0.00747291+0.06464472j  0.16551489+0.j          0.26877146+0.j\n",
      "   0.46163798+0.j        ]\n",
      " [-0.30425078+0.j         -0.12824757-0.23601561j -0.12824757+0.23601561j\n",
      "   0.28909441+0.09224098j  0.28909441-0.09224098j  0.24328812-0.2757573j\n",
      "   0.24328812+0.2757573j  -0.60615584+0.j          0.03261228+0.j\n",
      "   0.39789833+0.j        ]\n",
      " [-0.33348545+0.j          0.00105331+0.15130677j  0.00105331-0.15130677j\n",
      "  -0.48962934+0.j         -0.48962934-0.j          0.25580605-0.25627119j\n",
      "   0.25580605+0.25627119j -0.14115093+0.j          0.19148057+0.j\n",
      "   0.24383057+0.j        ]\n",
      " [-0.32609476+0.j          0.0512394 -0.38286882j  0.0512394 +0.38286882j\n",
      "   0.19704015+0.26777941j  0.19704015-0.26777941j  0.16442116+0.26620242j\n",
      "   0.16442116-0.26620242j  0.00210264+0.j         -0.11176756+0.j\n",
      "   0.0126438 +0.j        ]]\n"
     ]
    }
   ],
   "source": [
    "#Eigen Decomposition - Eigen Values, Eigen Vectors\n",
    "from numpy.linalg import eig\n",
    "Val,Vec=eig(n)\n",
    "#eig(n)\n",
    "print(Val)\n",
    "print(Vec)"
   ]
  },
  {
   "cell_type": "code",
   "execution_count": 227,
   "metadata": {},
   "outputs": [
    {
     "data": {
      "text/plain": [
       "<numdifftools.core.Jacobian at 0x1efd4b98240>"
      ]
     },
     "execution_count": 227,
     "metadata": {},
     "output_type": "execute_result"
    }
   ],
   "source": [
    "#Jacobian\n",
    "import numdifftools as nd\n",
    "nd.Jacobian(n)"
   ]
  },
  {
   "cell_type": "code",
   "execution_count": 228,
   "metadata": {},
   "outputs": [
    {
     "data": {
      "text/plain": [
       "<numdifftools.core.Hessian at 0x1efd4b98a20>"
      ]
     },
     "execution_count": 228,
     "metadata": {},
     "output_type": "execute_result"
    }
   ],
   "source": [
    "#Hessian\n",
    "nd.Hessian(n)"
   ]
  },
  {
   "cell_type": "markdown",
   "metadata": {},
   "source": [
    "## Part 2.2: Logistic Regression using newton method"
   ]
  },
  {
   "cell_type": "markdown",
   "metadata": {
    "colab_type": "text",
    "id": "1LWrifqkf_Kj"
   },
   "source": [
    "### Logistic regression\n",
    "Logistic regression uses an equation as the representation, very much like linear regression.\n",
    "\n",
    "Input values (x) are combined linearly using weights or coefficient values (referred to as W) to predict an output value (y). A key difference from linear regression is that the output value being modeled is a binary values (0 or 1) rather than a continuous value.<br>\n",
    "\n",
    "###  $\\hat{y}(w, x) = \\frac{1}{1+exp^{-(w_0 + w_1 * x_1 + ... + w_p * x_p)}}$\n",
    "\n",
    "#### Dataset\n",
    "The dataset is available at <strong>\"data/diabetes_data.csv\"</strong> in the respective challenge's repo.<br>\n",
    "<strong>Original Source:</strong> http://archive.ics.uci.edu/ml/machine-learning-databases/00529/diabetes_data_upload.csv. The dataset just got released in July 2020.<br><br>\n",
    "\n",
    "#### Features (X)\n",
    "\n",
    "1. Age                - Values ranging from 16-90\n",
    "2. Gender             - Binary value (Male/Female)\n",
    "3. Polyuria           - Binary value (Yes/No)\n",
    "4. Polydipsia         - Binary value (Yes/No)\n",
    "5. sudden weight loss - Binary value (Yes/No)\n",
    "6. weakness           - Binary value (Yes/No)\n",
    "7. Polyphagia         - Binary value (Yes/No)\n",
    "8. Genital thrush     - Binary value (Yes/No)\n",
    "9. visual blurring    - Binary value (Yes/No)\n",
    "10. Itching           - Binary value (Yes/No)\n",
    "11. Irritability      - Binary value (Yes/No)\n",
    "12. delayed healing   - Binary value (Yes/No)\n",
    "13. partial paresis   - Binary value (Yes/No)\n",
    "14. muscle stiffness  - Binary value (Yes/No)\n",
    "15. Alopecia          - Binary value (Yes/No)\n",
    "16. Obesity           - Binary value (Yes/No)\n",
    "\n",
    "#### Output/Target target (Y) \n",
    "17. class - Binary class (Positive/Negative)\n",
    "\n",
    "#### Objective\n",
    "To learn logistic regression and practice handling of both numerical and categorical features\n",
    "\n",
    "#### Tasks\n",
    "- Download, load the data and print first 5 and last 5 rows\n",
    "- Transform categorical features into numerical features. Use label encoding or any other suitable preprocessing technique\n",
    "- Since the age feature is in larger range, age column can be normalized into smaller scale (like 0 to 1) using different methods such as scaling, standardizing or any other suitable preprocessing technique (Example - sklearn.preprocessing.MinMaxScaler class)\n",
    "- Define X matrix (independent features) and y vector (target feature)\n",
    "- Split the dataset into 60% for training and rest 40% for testing (sklearn.model_selection.train_test_split function)\n",
    "- Train Logistic Regression Model on the training set (sklearn.linear_model.LogisticRegression class)\n",
    "- Use the trained model to predict on testing set\n",
    "- Print 'Accuracy' obtained on the testing dataset i.e. (sklearn.metrics.accuracy_score function)\n",
    "\n",
    "#### Further fun (will not be evaluated)\n",
    "- Plot loss curve (Loss vs number of iterations)\n",
    "- Preprocess data with different feature scaling methods (i.e. scaling, normalization, standardization, etc) and observe accuracies on both X_train and X_test\n",
    "- Training model on different train-test splits such as 60-40, 50-50, 70-30, 80-20, 90-10, 95-5 etc. and observe accuracies on both X_train and X_test\n",
    "- Shuffling of training samples with different *random seed values* in the train_test_split function. Check the model error for the testing data for each setup.\n",
    "- Print other classification metrics such as:\n",
    "    - classification report (sklearn.metrics.classification_report),\n",
    "    - confusion matrix (sklearn.metrics.confusion_matrix),\n",
    "    - precision, recall and f1 scores (sklearn.metrics.precision_recall_fscore_support)\n",
    "\n",
    "#### Helpful links\n",
    "- Scikit-learn documentation for logistic regression: https://scikit-learn.org/stable/modules/generated/sklearn.linear_model.LogisticRegression.html\n",
    "- How Logistic Regression works: https://machinelearningmastery.com/logistic-regression-for-machine-learning/\n",
    "- Feature Scaling: https://scikit-learn.org/stable/modules/preprocessing.html\n",
    "- Training testing splitting: https://scikit-learn.org/stable/modules/generated/sklearn.model_selection.train_test_split.html\n",
    "- Classification metrics in sklearn: https://scikit-learn.org/stable/modules/classes.html#module-sklearn.metrics\n",
    "- Use slack for doubts: https://join.slack.com/t/deepconnectai/shared_invite/zt-givlfnf6-~cn3SQ43k0BGDrG9_YOn4g"
   ]
  },
  {
   "cell_type": "code",
   "execution_count": 229,
   "metadata": {},
   "outputs": [],
   "source": [
    "# Download the dataset from the source\n",
    "!wget https://github.com/DeepConnectAI/challenge-week-3/raw/master/data/diabetes_data.csv"
   ]
  },
  {
   "cell_type": "code",
   "execution_count": 315,
   "metadata": {
    "colab": {},
    "colab_type": "code",
    "id": "XqZrgW_if_Kq"
   },
   "outputs": [
    {
     "data": {
      "text/html": [
       "<div>\n",
       "<style scoped>\n",
       "    .dataframe tbody tr th:only-of-type {\n",
       "        vertical-align: middle;\n",
       "    }\n",
       "\n",
       "    .dataframe tbody tr th {\n",
       "        vertical-align: top;\n",
       "    }\n",
       "\n",
       "    .dataframe thead th {\n",
       "        text-align: right;\n",
       "    }\n",
       "</style>\n",
       "<table border=\"1\" class=\"dataframe\">\n",
       "  <thead>\n",
       "    <tr style=\"text-align: right;\">\n",
       "      <th></th>\n",
       "      <th>Age</th>\n",
       "      <th>Gender</th>\n",
       "      <th>Polyuria</th>\n",
       "      <th>Polydipsia</th>\n",
       "      <th>sudden weight loss</th>\n",
       "      <th>weakness</th>\n",
       "      <th>Polyphagia</th>\n",
       "      <th>Genital thrush</th>\n",
       "      <th>visual blurring</th>\n",
       "      <th>Itching</th>\n",
       "      <th>Irritability</th>\n",
       "      <th>delayed healing</th>\n",
       "      <th>partial paresis</th>\n",
       "      <th>muscle stiffness</th>\n",
       "      <th>Alopecia</th>\n",
       "      <th>Obesity</th>\n",
       "      <th>class</th>\n",
       "    </tr>\n",
       "  </thead>\n",
       "  <tbody>\n",
       "    <tr>\n",
       "      <th>0</th>\n",
       "      <td>40</td>\n",
       "      <td>Male</td>\n",
       "      <td>No</td>\n",
       "      <td>Yes</td>\n",
       "      <td>No</td>\n",
       "      <td>Yes</td>\n",
       "      <td>No</td>\n",
       "      <td>No</td>\n",
       "      <td>No</td>\n",
       "      <td>Yes</td>\n",
       "      <td>No</td>\n",
       "      <td>Yes</td>\n",
       "      <td>No</td>\n",
       "      <td>Yes</td>\n",
       "      <td>Yes</td>\n",
       "      <td>Yes</td>\n",
       "      <td>Positive</td>\n",
       "    </tr>\n",
       "    <tr>\n",
       "      <th>1</th>\n",
       "      <td>58</td>\n",
       "      <td>Male</td>\n",
       "      <td>No</td>\n",
       "      <td>No</td>\n",
       "      <td>No</td>\n",
       "      <td>Yes</td>\n",
       "      <td>No</td>\n",
       "      <td>No</td>\n",
       "      <td>Yes</td>\n",
       "      <td>No</td>\n",
       "      <td>No</td>\n",
       "      <td>No</td>\n",
       "      <td>Yes</td>\n",
       "      <td>No</td>\n",
       "      <td>Yes</td>\n",
       "      <td>No</td>\n",
       "      <td>Positive</td>\n",
       "    </tr>\n",
       "    <tr>\n",
       "      <th>2</th>\n",
       "      <td>41</td>\n",
       "      <td>Male</td>\n",
       "      <td>Yes</td>\n",
       "      <td>No</td>\n",
       "      <td>No</td>\n",
       "      <td>Yes</td>\n",
       "      <td>Yes</td>\n",
       "      <td>No</td>\n",
       "      <td>No</td>\n",
       "      <td>Yes</td>\n",
       "      <td>No</td>\n",
       "      <td>Yes</td>\n",
       "      <td>No</td>\n",
       "      <td>Yes</td>\n",
       "      <td>Yes</td>\n",
       "      <td>No</td>\n",
       "      <td>Positive</td>\n",
       "    </tr>\n",
       "    <tr>\n",
       "      <th>3</th>\n",
       "      <td>45</td>\n",
       "      <td>Male</td>\n",
       "      <td>No</td>\n",
       "      <td>No</td>\n",
       "      <td>Yes</td>\n",
       "      <td>Yes</td>\n",
       "      <td>Yes</td>\n",
       "      <td>Yes</td>\n",
       "      <td>No</td>\n",
       "      <td>Yes</td>\n",
       "      <td>No</td>\n",
       "      <td>Yes</td>\n",
       "      <td>No</td>\n",
       "      <td>No</td>\n",
       "      <td>No</td>\n",
       "      <td>No</td>\n",
       "      <td>Positive</td>\n",
       "    </tr>\n",
       "    <tr>\n",
       "      <th>4</th>\n",
       "      <td>60</td>\n",
       "      <td>Male</td>\n",
       "      <td>Yes</td>\n",
       "      <td>Yes</td>\n",
       "      <td>Yes</td>\n",
       "      <td>Yes</td>\n",
       "      <td>Yes</td>\n",
       "      <td>No</td>\n",
       "      <td>Yes</td>\n",
       "      <td>Yes</td>\n",
       "      <td>Yes</td>\n",
       "      <td>Yes</td>\n",
       "      <td>Yes</td>\n",
       "      <td>Yes</td>\n",
       "      <td>Yes</td>\n",
       "      <td>Yes</td>\n",
       "      <td>Positive</td>\n",
       "    </tr>\n",
       "    <tr>\n",
       "      <th>5</th>\n",
       "      <td>55</td>\n",
       "      <td>Male</td>\n",
       "      <td>Yes</td>\n",
       "      <td>Yes</td>\n",
       "      <td>No</td>\n",
       "      <td>Yes</td>\n",
       "      <td>Yes</td>\n",
       "      <td>No</td>\n",
       "      <td>Yes</td>\n",
       "      <td>Yes</td>\n",
       "      <td>No</td>\n",
       "      <td>Yes</td>\n",
       "      <td>No</td>\n",
       "      <td>Yes</td>\n",
       "      <td>Yes</td>\n",
       "      <td>Yes</td>\n",
       "      <td>Positive</td>\n",
       "    </tr>\n",
       "    <tr>\n",
       "      <th>6</th>\n",
       "      <td>57</td>\n",
       "      <td>Male</td>\n",
       "      <td>Yes</td>\n",
       "      <td>Yes</td>\n",
       "      <td>No</td>\n",
       "      <td>Yes</td>\n",
       "      <td>Yes</td>\n",
       "      <td>Yes</td>\n",
       "      <td>No</td>\n",
       "      <td>No</td>\n",
       "      <td>No</td>\n",
       "      <td>Yes</td>\n",
       "      <td>Yes</td>\n",
       "      <td>No</td>\n",
       "      <td>No</td>\n",
       "      <td>No</td>\n",
       "      <td>Positive</td>\n",
       "    </tr>\n",
       "    <tr>\n",
       "      <th>7</th>\n",
       "      <td>66</td>\n",
       "      <td>Male</td>\n",
       "      <td>Yes</td>\n",
       "      <td>Yes</td>\n",
       "      <td>Yes</td>\n",
       "      <td>Yes</td>\n",
       "      <td>No</td>\n",
       "      <td>No</td>\n",
       "      <td>Yes</td>\n",
       "      <td>Yes</td>\n",
       "      <td>Yes</td>\n",
       "      <td>No</td>\n",
       "      <td>Yes</td>\n",
       "      <td>Yes</td>\n",
       "      <td>No</td>\n",
       "      <td>No</td>\n",
       "      <td>Positive</td>\n",
       "    </tr>\n",
       "    <tr>\n",
       "      <th>8</th>\n",
       "      <td>67</td>\n",
       "      <td>Male</td>\n",
       "      <td>Yes</td>\n",
       "      <td>Yes</td>\n",
       "      <td>No</td>\n",
       "      <td>Yes</td>\n",
       "      <td>Yes</td>\n",
       "      <td>Yes</td>\n",
       "      <td>No</td>\n",
       "      <td>Yes</td>\n",
       "      <td>Yes</td>\n",
       "      <td>No</td>\n",
       "      <td>Yes</td>\n",
       "      <td>Yes</td>\n",
       "      <td>No</td>\n",
       "      <td>Yes</td>\n",
       "      <td>Positive</td>\n",
       "    </tr>\n",
       "    <tr>\n",
       "      <th>9</th>\n",
       "      <td>70</td>\n",
       "      <td>Male</td>\n",
       "      <td>No</td>\n",
       "      <td>Yes</td>\n",
       "      <td>Yes</td>\n",
       "      <td>Yes</td>\n",
       "      <td>Yes</td>\n",
       "      <td>No</td>\n",
       "      <td>Yes</td>\n",
       "      <td>Yes</td>\n",
       "      <td>Yes</td>\n",
       "      <td>No</td>\n",
       "      <td>No</td>\n",
       "      <td>No</td>\n",
       "      <td>Yes</td>\n",
       "      <td>No</td>\n",
       "      <td>Positive</td>\n",
       "    </tr>\n",
       "    <tr>\n",
       "      <th>10</th>\n",
       "      <td>44</td>\n",
       "      <td>Male</td>\n",
       "      <td>Yes</td>\n",
       "      <td>Yes</td>\n",
       "      <td>No</td>\n",
       "      <td>Yes</td>\n",
       "      <td>No</td>\n",
       "      <td>Yes</td>\n",
       "      <td>No</td>\n",
       "      <td>No</td>\n",
       "      <td>Yes</td>\n",
       "      <td>Yes</td>\n",
       "      <td>No</td>\n",
       "      <td>Yes</td>\n",
       "      <td>Yes</td>\n",
       "      <td>No</td>\n",
       "      <td>Positive</td>\n",
       "    </tr>\n",
       "    <tr>\n",
       "      <th>11</th>\n",
       "      <td>38</td>\n",
       "      <td>Male</td>\n",
       "      <td>Yes</td>\n",
       "      <td>Yes</td>\n",
       "      <td>No</td>\n",
       "      <td>No</td>\n",
       "      <td>Yes</td>\n",
       "      <td>Yes</td>\n",
       "      <td>No</td>\n",
       "      <td>Yes</td>\n",
       "      <td>No</td>\n",
       "      <td>Yes</td>\n",
       "      <td>No</td>\n",
       "      <td>Yes</td>\n",
       "      <td>No</td>\n",
       "      <td>No</td>\n",
       "      <td>Positive</td>\n",
       "    </tr>\n",
       "    <tr>\n",
       "      <th>12</th>\n",
       "      <td>35</td>\n",
       "      <td>Male</td>\n",
       "      <td>Yes</td>\n",
       "      <td>No</td>\n",
       "      <td>No</td>\n",
       "      <td>No</td>\n",
       "      <td>Yes</td>\n",
       "      <td>Yes</td>\n",
       "      <td>No</td>\n",
       "      <td>No</td>\n",
       "      <td>Yes</td>\n",
       "      <td>Yes</td>\n",
       "      <td>No</td>\n",
       "      <td>No</td>\n",
       "      <td>Yes</td>\n",
       "      <td>No</td>\n",
       "      <td>Positive</td>\n",
       "    </tr>\n",
       "    <tr>\n",
       "      <th>13</th>\n",
       "      <td>61</td>\n",
       "      <td>Male</td>\n",
       "      <td>Yes</td>\n",
       "      <td>Yes</td>\n",
       "      <td>Yes</td>\n",
       "      <td>Yes</td>\n",
       "      <td>Yes</td>\n",
       "      <td>Yes</td>\n",
       "      <td>Yes</td>\n",
       "      <td>Yes</td>\n",
       "      <td>No</td>\n",
       "      <td>No</td>\n",
       "      <td>No</td>\n",
       "      <td>No</td>\n",
       "      <td>Yes</td>\n",
       "      <td>Yes</td>\n",
       "      <td>Positive</td>\n",
       "    </tr>\n",
       "    <tr>\n",
       "      <th>14</th>\n",
       "      <td>60</td>\n",
       "      <td>Male</td>\n",
       "      <td>Yes</td>\n",
       "      <td>Yes</td>\n",
       "      <td>No</td>\n",
       "      <td>Yes</td>\n",
       "      <td>Yes</td>\n",
       "      <td>No</td>\n",
       "      <td>Yes</td>\n",
       "      <td>Yes</td>\n",
       "      <td>No</td>\n",
       "      <td>Yes</td>\n",
       "      <td>Yes</td>\n",
       "      <td>No</td>\n",
       "      <td>No</td>\n",
       "      <td>No</td>\n",
       "      <td>Positive</td>\n",
       "    </tr>\n",
       "    <tr>\n",
       "      <th>15</th>\n",
       "      <td>58</td>\n",
       "      <td>Male</td>\n",
       "      <td>Yes</td>\n",
       "      <td>Yes</td>\n",
       "      <td>No</td>\n",
       "      <td>Yes</td>\n",
       "      <td>Yes</td>\n",
       "      <td>No</td>\n",
       "      <td>No</td>\n",
       "      <td>No</td>\n",
       "      <td>No</td>\n",
       "      <td>Yes</td>\n",
       "      <td>Yes</td>\n",
       "      <td>Yes</td>\n",
       "      <td>No</td>\n",
       "      <td>No</td>\n",
       "      <td>Positive</td>\n",
       "    </tr>\n",
       "    <tr>\n",
       "      <th>16</th>\n",
       "      <td>54</td>\n",
       "      <td>Male</td>\n",
       "      <td>Yes</td>\n",
       "      <td>Yes</td>\n",
       "      <td>Yes</td>\n",
       "      <td>Yes</td>\n",
       "      <td>No</td>\n",
       "      <td>Yes</td>\n",
       "      <td>No</td>\n",
       "      <td>No</td>\n",
       "      <td>No</td>\n",
       "      <td>Yes</td>\n",
       "      <td>No</td>\n",
       "      <td>Yes</td>\n",
       "      <td>No</td>\n",
       "      <td>No</td>\n",
       "      <td>Positive</td>\n",
       "    </tr>\n",
       "    <tr>\n",
       "      <th>17</th>\n",
       "      <td>67</td>\n",
       "      <td>Male</td>\n",
       "      <td>No</td>\n",
       "      <td>Yes</td>\n",
       "      <td>No</td>\n",
       "      <td>Yes</td>\n",
       "      <td>Yes</td>\n",
       "      <td>No</td>\n",
       "      <td>Yes</td>\n",
       "      <td>No</td>\n",
       "      <td>Yes</td>\n",
       "      <td>Yes</td>\n",
       "      <td>Yes</td>\n",
       "      <td>Yes</td>\n",
       "      <td>Yes</td>\n",
       "      <td>Yes</td>\n",
       "      <td>Positive</td>\n",
       "    </tr>\n",
       "    <tr>\n",
       "      <th>18</th>\n",
       "      <td>66</td>\n",
       "      <td>Male</td>\n",
       "      <td>Yes</td>\n",
       "      <td>Yes</td>\n",
       "      <td>No</td>\n",
       "      <td>Yes</td>\n",
       "      <td>Yes</td>\n",
       "      <td>No</td>\n",
       "      <td>Yes</td>\n",
       "      <td>No</td>\n",
       "      <td>No</td>\n",
       "      <td>No</td>\n",
       "      <td>Yes</td>\n",
       "      <td>Yes</td>\n",
       "      <td>No</td>\n",
       "      <td>No</td>\n",
       "      <td>Positive</td>\n",
       "    </tr>\n",
       "    <tr>\n",
       "      <th>19</th>\n",
       "      <td>43</td>\n",
       "      <td>Male</td>\n",
       "      <td>Yes</td>\n",
       "      <td>Yes</td>\n",
       "      <td>Yes</td>\n",
       "      <td>Yes</td>\n",
       "      <td>No</td>\n",
       "      <td>Yes</td>\n",
       "      <td>No</td>\n",
       "      <td>No</td>\n",
       "      <td>No</td>\n",
       "      <td>No</td>\n",
       "      <td>No</td>\n",
       "      <td>No</td>\n",
       "      <td>No</td>\n",
       "      <td>No</td>\n",
       "      <td>Positive</td>\n",
       "    </tr>\n",
       "    <tr>\n",
       "      <th>20</th>\n",
       "      <td>62</td>\n",
       "      <td>Male</td>\n",
       "      <td>Yes</td>\n",
       "      <td>Yes</td>\n",
       "      <td>No</td>\n",
       "      <td>Yes</td>\n",
       "      <td>Yes</td>\n",
       "      <td>No</td>\n",
       "      <td>Yes</td>\n",
       "      <td>No</td>\n",
       "      <td>Yes</td>\n",
       "      <td>No</td>\n",
       "      <td>Yes</td>\n",
       "      <td>Yes</td>\n",
       "      <td>No</td>\n",
       "      <td>No</td>\n",
       "      <td>Positive</td>\n",
       "    </tr>\n",
       "    <tr>\n",
       "      <th>21</th>\n",
       "      <td>54</td>\n",
       "      <td>Male</td>\n",
       "      <td>Yes</td>\n",
       "      <td>Yes</td>\n",
       "      <td>Yes</td>\n",
       "      <td>Yes</td>\n",
       "      <td>Yes</td>\n",
       "      <td>Yes</td>\n",
       "      <td>Yes</td>\n",
       "      <td>Yes</td>\n",
       "      <td>No</td>\n",
       "      <td>Yes</td>\n",
       "      <td>No</td>\n",
       "      <td>Yes</td>\n",
       "      <td>Yes</td>\n",
       "      <td>No</td>\n",
       "      <td>Positive</td>\n",
       "    </tr>\n",
       "    <tr>\n",
       "      <th>22</th>\n",
       "      <td>39</td>\n",
       "      <td>Male</td>\n",
       "      <td>Yes</td>\n",
       "      <td>No</td>\n",
       "      <td>Yes</td>\n",
       "      <td>No</td>\n",
       "      <td>No</td>\n",
       "      <td>Yes</td>\n",
       "      <td>No</td>\n",
       "      <td>Yes</td>\n",
       "      <td>Yes</td>\n",
       "      <td>No</td>\n",
       "      <td>No</td>\n",
       "      <td>No</td>\n",
       "      <td>Yes</td>\n",
       "      <td>No</td>\n",
       "      <td>Positive</td>\n",
       "    </tr>\n",
       "    <tr>\n",
       "      <th>23</th>\n",
       "      <td>48</td>\n",
       "      <td>Male</td>\n",
       "      <td>No</td>\n",
       "      <td>Yes</td>\n",
       "      <td>Yes</td>\n",
       "      <td>Yes</td>\n",
       "      <td>No</td>\n",
       "      <td>No</td>\n",
       "      <td>Yes</td>\n",
       "      <td>Yes</td>\n",
       "      <td>Yes</td>\n",
       "      <td>Yes</td>\n",
       "      <td>No</td>\n",
       "      <td>No</td>\n",
       "      <td>No</td>\n",
       "      <td>No</td>\n",
       "      <td>Positive</td>\n",
       "    </tr>\n",
       "    <tr>\n",
       "      <th>24</th>\n",
       "      <td>58</td>\n",
       "      <td>Male</td>\n",
       "      <td>Yes</td>\n",
       "      <td>Yes</td>\n",
       "      <td>Yes</td>\n",
       "      <td>Yes</td>\n",
       "      <td>Yes</td>\n",
       "      <td>No</td>\n",
       "      <td>Yes</td>\n",
       "      <td>No</td>\n",
       "      <td>No</td>\n",
       "      <td>Yes</td>\n",
       "      <td>Yes</td>\n",
       "      <td>Yes</td>\n",
       "      <td>No</td>\n",
       "      <td>Yes</td>\n",
       "      <td>Positive</td>\n",
       "    </tr>\n",
       "    <tr>\n",
       "      <th>25</th>\n",
       "      <td>32</td>\n",
       "      <td>Male</td>\n",
       "      <td>No</td>\n",
       "      <td>No</td>\n",
       "      <td>No</td>\n",
       "      <td>No</td>\n",
       "      <td>No</td>\n",
       "      <td>Yes</td>\n",
       "      <td>No</td>\n",
       "      <td>No</td>\n",
       "      <td>Yes</td>\n",
       "      <td>Yes</td>\n",
       "      <td>No</td>\n",
       "      <td>No</td>\n",
       "      <td>No</td>\n",
       "      <td>Yes</td>\n",
       "      <td>Positive</td>\n",
       "    </tr>\n",
       "    <tr>\n",
       "      <th>26</th>\n",
       "      <td>42</td>\n",
       "      <td>Male</td>\n",
       "      <td>No</td>\n",
       "      <td>No</td>\n",
       "      <td>No</td>\n",
       "      <td>Yes</td>\n",
       "      <td>Yes</td>\n",
       "      <td>No</td>\n",
       "      <td>No</td>\n",
       "      <td>No</td>\n",
       "      <td>Yes</td>\n",
       "      <td>No</td>\n",
       "      <td>No</td>\n",
       "      <td>Yes</td>\n",
       "      <td>No</td>\n",
       "      <td>No</td>\n",
       "      <td>Positive</td>\n",
       "    </tr>\n",
       "    <tr>\n",
       "      <th>27</th>\n",
       "      <td>52</td>\n",
       "      <td>Male</td>\n",
       "      <td>Yes</td>\n",
       "      <td>Yes</td>\n",
       "      <td>Yes</td>\n",
       "      <td>Yes</td>\n",
       "      <td>Yes</td>\n",
       "      <td>No</td>\n",
       "      <td>Yes</td>\n",
       "      <td>Yes</td>\n",
       "      <td>No</td>\n",
       "      <td>Yes</td>\n",
       "      <td>Yes</td>\n",
       "      <td>Yes</td>\n",
       "      <td>No</td>\n",
       "      <td>No</td>\n",
       "      <td>Positive</td>\n",
       "    </tr>\n",
       "    <tr>\n",
       "      <th>28</th>\n",
       "      <td>38</td>\n",
       "      <td>Male</td>\n",
       "      <td>No</td>\n",
       "      <td>Yes</td>\n",
       "      <td>No</td>\n",
       "      <td>No</td>\n",
       "      <td>No</td>\n",
       "      <td>Yes</td>\n",
       "      <td>No</td>\n",
       "      <td>No</td>\n",
       "      <td>No</td>\n",
       "      <td>No</td>\n",
       "      <td>No</td>\n",
       "      <td>No</td>\n",
       "      <td>Yes</td>\n",
       "      <td>No</td>\n",
       "      <td>Positive</td>\n",
       "    </tr>\n",
       "    <tr>\n",
       "      <th>29</th>\n",
       "      <td>53</td>\n",
       "      <td>Male</td>\n",
       "      <td>Yes</td>\n",
       "      <td>Yes</td>\n",
       "      <td>Yes</td>\n",
       "      <td>Yes</td>\n",
       "      <td>Yes</td>\n",
       "      <td>No</td>\n",
       "      <td>Yes</td>\n",
       "      <td>No</td>\n",
       "      <td>Yes</td>\n",
       "      <td>No</td>\n",
       "      <td>Yes</td>\n",
       "      <td>No</td>\n",
       "      <td>Yes</td>\n",
       "      <td>No</td>\n",
       "      <td>Positive</td>\n",
       "    </tr>\n",
       "    <tr>\n",
       "      <th>...</th>\n",
       "      <td>...</td>\n",
       "      <td>...</td>\n",
       "      <td>...</td>\n",
       "      <td>...</td>\n",
       "      <td>...</td>\n",
       "      <td>...</td>\n",
       "      <td>...</td>\n",
       "      <td>...</td>\n",
       "      <td>...</td>\n",
       "      <td>...</td>\n",
       "      <td>...</td>\n",
       "      <td>...</td>\n",
       "      <td>...</td>\n",
       "      <td>...</td>\n",
       "      <td>...</td>\n",
       "      <td>...</td>\n",
       "      <td>...</td>\n",
       "    </tr>\n",
       "    <tr>\n",
       "      <th>490</th>\n",
       "      <td>46</td>\n",
       "      <td>Male</td>\n",
       "      <td>No</td>\n",
       "      <td>No</td>\n",
       "      <td>No</td>\n",
       "      <td>Yes</td>\n",
       "      <td>No</td>\n",
       "      <td>No</td>\n",
       "      <td>No</td>\n",
       "      <td>Yes</td>\n",
       "      <td>No</td>\n",
       "      <td>Yes</td>\n",
       "      <td>No</td>\n",
       "      <td>No</td>\n",
       "      <td>Yes</td>\n",
       "      <td>No</td>\n",
       "      <td>Negative</td>\n",
       "    </tr>\n",
       "    <tr>\n",
       "      <th>491</th>\n",
       "      <td>53</td>\n",
       "      <td>Male</td>\n",
       "      <td>No</td>\n",
       "      <td>No</td>\n",
       "      <td>No</td>\n",
       "      <td>Yes</td>\n",
       "      <td>Yes</td>\n",
       "      <td>No</td>\n",
       "      <td>Yes</td>\n",
       "      <td>Yes</td>\n",
       "      <td>No</td>\n",
       "      <td>Yes</td>\n",
       "      <td>Yes</td>\n",
       "      <td>Yes</td>\n",
       "      <td>Yes</td>\n",
       "      <td>No</td>\n",
       "      <td>Negative</td>\n",
       "    </tr>\n",
       "    <tr>\n",
       "      <th>492</th>\n",
       "      <td>64</td>\n",
       "      <td>Male</td>\n",
       "      <td>No</td>\n",
       "      <td>No</td>\n",
       "      <td>No</td>\n",
       "      <td>Yes</td>\n",
       "      <td>Yes</td>\n",
       "      <td>No</td>\n",
       "      <td>Yes</td>\n",
       "      <td>Yes</td>\n",
       "      <td>Yes</td>\n",
       "      <td>Yes</td>\n",
       "      <td>No</td>\n",
       "      <td>Yes</td>\n",
       "      <td>Yes</td>\n",
       "      <td>No</td>\n",
       "      <td>Negative</td>\n",
       "    </tr>\n",
       "    <tr>\n",
       "      <th>493</th>\n",
       "      <td>44</td>\n",
       "      <td>Male</td>\n",
       "      <td>Yes</td>\n",
       "      <td>No</td>\n",
       "      <td>Yes</td>\n",
       "      <td>Yes</td>\n",
       "      <td>No</td>\n",
       "      <td>Yes</td>\n",
       "      <td>No</td>\n",
       "      <td>Yes</td>\n",
       "      <td>No</td>\n",
       "      <td>Yes</td>\n",
       "      <td>No</td>\n",
       "      <td>No</td>\n",
       "      <td>Yes</td>\n",
       "      <td>Yes</td>\n",
       "      <td>Negative</td>\n",
       "    </tr>\n",
       "    <tr>\n",
       "      <th>494</th>\n",
       "      <td>36</td>\n",
       "      <td>Male</td>\n",
       "      <td>No</td>\n",
       "      <td>No</td>\n",
       "      <td>No</td>\n",
       "      <td>No</td>\n",
       "      <td>No</td>\n",
       "      <td>No</td>\n",
       "      <td>No</td>\n",
       "      <td>No</td>\n",
       "      <td>No</td>\n",
       "      <td>No</td>\n",
       "      <td>No</td>\n",
       "      <td>No</td>\n",
       "      <td>No</td>\n",
       "      <td>No</td>\n",
       "      <td>Negative</td>\n",
       "    </tr>\n",
       "    <tr>\n",
       "      <th>495</th>\n",
       "      <td>43</td>\n",
       "      <td>Male</td>\n",
       "      <td>No</td>\n",
       "      <td>No</td>\n",
       "      <td>No</td>\n",
       "      <td>Yes</td>\n",
       "      <td>No</td>\n",
       "      <td>Yes</td>\n",
       "      <td>No</td>\n",
       "      <td>Yes</td>\n",
       "      <td>No</td>\n",
       "      <td>No</td>\n",
       "      <td>No</td>\n",
       "      <td>No</td>\n",
       "      <td>Yes</td>\n",
       "      <td>No</td>\n",
       "      <td>Negative</td>\n",
       "    </tr>\n",
       "    <tr>\n",
       "      <th>496</th>\n",
       "      <td>53</td>\n",
       "      <td>Male</td>\n",
       "      <td>No</td>\n",
       "      <td>No</td>\n",
       "      <td>No</td>\n",
       "      <td>Yes</td>\n",
       "      <td>No</td>\n",
       "      <td>No</td>\n",
       "      <td>Yes</td>\n",
       "      <td>Yes</td>\n",
       "      <td>No</td>\n",
       "      <td>Yes</td>\n",
       "      <td>No</td>\n",
       "      <td>Yes</td>\n",
       "      <td>Yes</td>\n",
       "      <td>No</td>\n",
       "      <td>Negative</td>\n",
       "    </tr>\n",
       "    <tr>\n",
       "      <th>497</th>\n",
       "      <td>47</td>\n",
       "      <td>Male</td>\n",
       "      <td>No</td>\n",
       "      <td>No</td>\n",
       "      <td>No</td>\n",
       "      <td>No</td>\n",
       "      <td>No</td>\n",
       "      <td>No</td>\n",
       "      <td>No</td>\n",
       "      <td>No</td>\n",
       "      <td>Yes</td>\n",
